n=8192
fs=200000
f0=50
base_amp=0.75
harmonic_scale=0.5
noise_amp=0.005
enable_second_signal=1
second_independent=1
base_amp2=0.75
harmonic_scale2=0.2
noise_amp2=0.005
phase_diff_deg=30
normalize=1
harmonic_ratio_sum=1
harmonic_ratio2_sum=1

Order,Frequency_Hz,BaseRatio,ScaledRatio,Amplitude
2,100,0.184025670493,0.0920128352465,0.0690096264349
3,150,0.140103735941,0.0700518679706,0.0525389009779
4,200,0.0651394984416,0.0325697492208,0.0244273119156
5,250,0.0914648393642,0.0457324196821,0.0342993147616
6,300,0.0231026551731,0.0115513275866,0.00866349568991
7,350,0.0494304925338,0.0247152462669,0.0185364347002
8,400,0.0370904413665,0.0185452206833,0.0139089155124
9,450,0.00760615759951,0.00380307879975,0.00285230909981
10,500,0.0214664580243,0.0107332290122,0.00804992175911
11,550,0.00507223195837,0.00253611597918,0.00190208698439
12,600,0.025420190201,0.0127100951005,0.00953257132537
13,650,0.0229872055517,0.0114936027759,0.00862020208189
14,700,0.0085693866563,0.00428469332815,0.00321351999611
15,750,0.0223641550214,0.0111820775107,0.00838655813302
16,800,0.00388972706936,0.00194486353468,0.00145864765101
17,850,0.0253846289155,0.0126923144578,0.00951923584332
18,900,0.0178655065979,0.00893275329897,0.00669956497423
19,950,0.00735624412475,0.00367812206237,0.00275859154678
20,1000,0.00921119220492,0.00460559610246,0.00345419707684
21,1050,0.0211831161817,0.0105915580908,0.00794366856813
22,1100,0.00792574079369,0.00396287039685,0.00297215279763
23,1150,0.0191261794471,0.00956308972356,0.00717231729267
24,1200,0.0116209754204,0.00581048771021,0.00435786578266
25,1250,0.00718485239996,0.00359242619998,0.00269431964998
26,1300,0.0101409260194,0.0050704630097,0.00380284725727
27,1350,0.01470296287,0.007351481435,0.00551361107625
28,1400,0.000179073669857,8.95368349287e-05,6.71526261966e-05
29,1450,0.00512854503994,0.00256427251997,0.00192320438998
30,1500,0.00108277016328,0.000541385081639,0.000406038811229
31,1550,0.0123764203918,0.00618821019592,0.00464115764694
32,1600,0.00105620926232,0.000528104631162,0.000396078473371
33,1650,0.00452146481312,0.00226073240656,0.00169554930492
34,1700,0.00304920099012,0.00152460049506,0.00114345037129
35,1750,0.0110320010673,0.00551600053363,0.00413700040022
36,1800,0.0110469331935,0.00552346659673,0.00414259994755
37,1850,0.0103681400383,0.00518407001914,0.00388805251435
38,1900,0.0130483873973,0.00652419369864,0.00489314527398
39,1950,0.000933488597953,0.000466744298976,0.000350058224232
40,2000,0.00267447109781,0.0013372355489,0.00100292666168
41,2050,0.00632248818494,0.00316124409247,0.00237093306935
42,2100,0.00184591366555,0.000922956832774,0.00069221762458
43,2150,0.010982946045,0.00549147302248,0.00411860476686
44,2200,0.00322069528704,0.00161034764352,0.00120776073264
45,2250,0.00991408038608,0.00495704019304,0.00371778014478
46,2300,0.00349022105375,0.00174511052688,0.00130883289516
47,2350,0.00936664399383,0.00468332199692,0.00351249149769
48,2400,0.0101067241621,0.00505336208104,0.00379002156078
49,2450,0.00531047844556,0.00265523922278,0.00199142941709
50,2500,0.00350753268295,0.00175376634147,0.0013153247561

SecondSignal_Order,Frequency_Hz,BaseRatio,ScaledRatio,Amplitude
2,100,0.188462517869,0.0376925035738,0.0282693776804
3,150,0.11585518583,0.023171037166,0.0173782778745
4,200,0.0820330755456,0.0164066151091,0.0123049613318
5,250,0.0627620294908,0.0125524058982,0.00941430442362
6,300,0.0504288986425,0.0100857797285,0.00756433479638
7,350,0.0419124777417,0.00838249554834,0.00628687166125
8,400,0.0357069700626,0.00714139401251,0.00535604550938
9,450,0.031000590937,0.00620011818741,0.00465008864056
10,500,0.0273187600634,0.00546375201268,0.00409781400951
11,550,0.0243663097987,0.00487326195973,0.0036549464698
12,600,0.0219504530598,0.00439009061196,0.00329256795897
13,650,0.0199401747969,0.00398803495938,0.00299102621953
14,700,0.0182434655536,0.00364869311072,0.00273651983304
15,750,0.0167938965242,0.00335877930485,0.00251908447863
16,800,0.0155423614508,0.00310847229016,0.00233135421762
17,850,0.0144518111633,0.00289036223266,0.0021677716745
18,900,0.0134937909514,0.00269875819028,0.00202406864271
19,950,0.012646101484,0.0025292202968,0.0018969152226
20,1000,0.0118911809809,0.00237823619618,0.00178367714713
21,1050,0.0112149626132,0.00224299252264,0.00168224439198
22,1100,0.0106060523603,0.00212121047207,0.00159090785405
23,1150,0.0100551274706,0.00201102549412,0.00150826912059
24,1200,0.00955448963792,0.00191089792758,0.00143317344569
25,1250,0.00909772852521,0.00181954570504,0.00136465927878
26,1300,0.00867946520083,0.00173589304017,0.00130191978012
27,1350,0.00829515426143,0.00165903085229,0.00124427313921
28,1400,0.00794092960707,0.00158818592141,0.00119113944106
29,1450,0.00761348306995,0.00152269661399,0.00114202246049
30,1500,0.00730996803955,0.00146199360791,0.00109649520593
31,1550,0.00702792229805,0.00140558445961,0.00105418834471
32,1600,0.00676520575796,0.00135304115159,0.00101478086369
33,1650,0.0065199498607,0.00130398997214,0.000977992479105
34,1700,0.00629051617443,0.00125810323489,0.000943577426165
35,1750,0.0060754623043,0.00121509246086,0.000911319345645
36,1800,0.00587351365686,0.00117470273137,0.000881027048529
37,1850,0.0056835399226,0.00113670798452,0.000852530988391
38,1900,0.0055045353852,0.00110090707704,0.00082568030778
39,1950,0.00533560235274,0.00106712047055,0.000800340352912
40,2000,0.00517593715058,0.00103518743012,0.000776390572587
41,2050,0.00502481822694,0.00100496364539,0.000753722734041
42,2100,0.00488159601013,0.000976319202027,0.00073223940152
43,2150,0.0047456842247,0.00094913684494,0.000711852633705
44,2200,0.00461655242832,0.000923310485664,0.000692482864248
45,2250,0.00449371957463,0.000898743914926,0.000674057936195
46,2300,0.00437674844177,0.000875349688353,0.000656512266265
47,2350,0.00426524079418,0.000853048158836,0.000639786119127
48,2400,0.00415883316815,0.000831766633629,0.000623824975222
49,2450,0.00405719318935,0.000811438637869,0.000608578978402
50,2500,0.00396001634617,0.000792003269234,0.000594002451925
